Start YML build!
stereoL_error : 0.445462
fs.isOpened() failed.
cameraMatrixL[695.6616755862759, 0, 327.6075391965024;
 0, 660.9167073285474, 244.2800198370786;
 0, 0, 1]
cameraDistcoeffL[-0.3833711844465466, 0.1495287571665972, -0.001979224844664496, 0.0009701833377515485, -0.0564893307584784]
cameraMatrixR[710.3140721536134, 0, 348.6303881275626;
 0, 661.0406985065487, 233.8703944709917;
 0, 0, 1]
cameraDistcoeffR[-0.426318264119006, 0.5260974894269475, -0.002176781732525475, -0.0003053432269663135, -1.101088905551051]
R[0.9997886246783734, 0.0001299156573444271, 0.02055940382522798;
 -0.0002446077726144582, 0.9999844232065302, 0.005576155605841902;
 -0.02055835914571974, -0.005580005934133245, 0.9997730829558329]
T[-3.923065211734257;
 -0.2473542417418672;
 0.9592722721639516]
Cam_Two_Error : 0.445462
YML save Complete!
u press ESC
Success!


Start YML build!
stereoL_error : 2.08455
fs.isOpened() failed.
cameraMatrixL[599.1790814782087, 0, 385.8189129913001;
 0, 568.1721745535172, 224.7479125252501;
 0, 0, 1]
cameraDistcoeffL[-0.5728150074227691, 1.704580818477613, 0.001514300698915384, -0.002011633113938928, -4.153924312618532]
cameraMatrixR[602.5523260507059, 0, 412.0303669896026;
 0, 560.1746002858031, 215.0961441080492;
 0, 0, 1]
cameraDistcoeffR[-0.6032487434026681, 1.928772970820803, 0.001596340107062558, -0.005567010630542048, -4.373434535606083]
R[0.9998480790638816, 0.001206359231987201, 0.01738860229199502;
 -0.001246731938048597, 0.9999965521442056, 0.002311138069414426;
 -0.01738575427585541, -0.002332465884990882, 0.9998461357384719]
T[-3.957742819132606;
 0.2181912999253975;
 -1.699090619795158]
Cam_Two_Error : 2.08455
YML save Complete!


Start YML build!
stereoL_error : 1.25718
fs.isOpened() failed.
cameraMatrixL[662.0181489212333, 0, 324.8712363872584;
 0, 630.4223764000749, 256.2540819999366;
 0, 0, 1]
cameraDistcoeffL[-0.4266484491516521, 0.6387860258498937, -0.00563060246619794, 0.003515126499593916, -0.9382425449977896]
cameraMatrixR[666.4851887460455, 0, 353.0549652850729;
 0, 621.2038600663225, 244.2106917980358;
 0, 0, 1]
cameraDistcoeffR[-0.3617369797549722, 0.2326748469047741, -0.008383698874466839, 0.0008755029585133488, -0.1622505795461317]
R[0.9999394830374628, -0.0002006765267869567, 0.01099954506801068;
 9.361837015047624e-05, 0.9999526326169197, 0.009732613117367468;
 -0.01100097715534269, -0.009730994369702393, 0.999892137307922]
T[-3.954307122170189;
 -0.410783826860431;
 -0.9081285654500973]
Cam_Two_Error : 1.25718
YML save Complete!
u press ESC
Success!
sh: 1: pause: not found

Start YML build!
stereoL_error : 0.791234
fs.isOpened() failed.
cameraMatrixL[695.1812993513444, 0, 328.1569464883446;
 0, 659.5405317338548, 243.5077997593637;
 0, 0, 1]
cameraDistcoeffL[-0.3919505211360785, 0.09699625281142653, 0.0006215100336428928, 0.001103875631851141, 0.2645394746829857]
cameraMatrixR[705.4002860308384, 0, 355.3027457646199;
 0, 655.3836887747772, 232.1351898457214;
 0, 0, 1]
cameraDistcoeffR[-0.3820694847525396, 0.01399839245427121, -0.0002114564449689529, -0.001571865735764858, 0.4086517934364665]
R[0.9999234791144732, -0.0002180270457663032, 0.01236884714979857;
 0.0001396387096741508, 0.9999799044722043, 0.006338071693499196;
 -0.01236998046233405, -0.006335859528784524, 0.9999034155694204]
T[-4.014896157109533;
 -0.0982298700819661;
 0.1011995650909303]
Cam_Two_Error : 0.791234
YML save Complete!
u press ESC
Success!

# No shift
# 1
Start YML build!
stereoL_error : 1.20753
fs.isOpened() failed.
cameraMatrixL[660.9719924080497, 0, 343.4565069258681;
 0, 661.973585822014, 243.0896141083768;
 0, 0, 1]
cameraDistcoeffL[-0.418255644631139, 0.3512638242957011, -0.002010704791154946, 0.001303398363815274, -0.3745199661978111]
cameraMatrixR[669.3664619527359, 0, 339.2945746088841;
 0, 656.547095251917, 232.4834160094292;
 0, 0, 1]
cameraDistcoeffR[-0.3754327089071072, 0.0726069643042227, -0.0001420065049151235, -0.001362347629406722, 0.226433300754782]
R[0.9999751920764263, 0.0004578920034743423, 0.007028909348363976;
 -0.0004798205466640777, 0.9999950226786507, 0.00311839544766036;
 -0.007027446474884261, -0.003121690701870402, 0.9999704345845454]
T[-4.002117869355506;
 0.1700615524025405;
 0.02667007756786813]
Cam_Two_Error : 1.20753

# 2
Start YML build!
stereoL_error : 0.66235
fs.isOpened() failed.
cameraMatrixL[657.7589620923933, 0, 344.4426665934281;
 0, 658.7316177523766, 247.6107850860998;
 0, 0, 1]
cameraDistcoeffL[-0.4044887445783718, 0.2633663820313435, -0.001030491186084815, 0.001492002281917136, -0.09272422281363203]
cameraMatrixR[668.4289599518221, 0, 333.2768362461701;
 0, 655.7211920251866, 233.5703747964841;
 0, 0, 1]
cameraDistcoeffR[-0.3968808329364075, 0.2110336932462835, -0.002849256488364839, -0.0009463274932231365, -0.03090328376994649]
R[0.9998506795092658, 2.603511743127804e-05, 0.01728056732379886;
 -0.0002058586068784693, 0.9999458514395491, 0.0104044130574085;
 -0.01727936072583875, -0.01040641681886031, 0.9997965443938575]
T[-3.92847865172259;
 -0.08314327660762448;
 0.3410647022066308]
Cam_Two_Error : 0.66235
YML save Complete!

# 3
Start YML build!
stereoL_error : 0.166711
fs.isOpened() failed.
cameraMatrixL[662.2442132308511, 0, 344.9069167552053;
 0, 663.4465422680099, 244.9097816667816;
 0, 0, 1]
cameraDistcoeffL[-0.3998422020995984, 0.1974903638339781, -0.000977499191867238, 0.001463321449655296, -0.07176023016948978]
cameraMatrixR[672.156450947434, 0, 337.1348007607834;
 0, 659.4031526687482, 233.1060205508514;
 0, 0, 1]
cameraDistcoeffR[-0.4053127751351984, 0.2601311290555161, -0.001659039864156836, -0.001179532311658814, -0.09147876464963214]
R[0.9999207022053717, -0.0001611069341282794, 0.01259219383873574;
 7.297434460661222e-05, 0.9999755031114125, 0.006999132219243628;
 -0.0125930129778996, -0.006997658296401788, 0.9998962190160063]
T[-4.021515245243654;
 -0.1062506235283896;
 0.08107672340610546]
Cam_Two_Error : 0.166711
YML save Complete!
